74.1693 0 0 0 0 
00000000000000000000000000000000000000
00000000000000000000000000000000000000
00000000000000000000000000000000000000
00000000000000000000000000000000000000
00000000000000000000000000000000000000
00001111111111111111111111111111110000
00001400001010000001000000000000010000
00001010100010010000010111101111010000
00001000000010011110010100100001010000
00001010100000010010010100111101010000
00001000001110010010100000000001010000
00001010000000000010000101111111010000
00001010000000000010100100000000010000
00001000111111111010000111111001110000
00001000000000001310100150000000410000
00001111101111001010000100000111110000
00001000000001200000100101110000010000
00001000111111111111001000100010010000
00001500000000000000000000100000010000
00001011001140011010110101100110010000
00001010010000000010000000000000010000
00001000000000111011111110100011010000
00001011111110160010001000100000010000
00001000000010001000100010010000010000
16 14 14 17 07 25 18 28 0